011111100100011101101100110111100110011000001101000100000000
011111100100011101101100110111100110011000001101000100000000

0         1          2         3         4         5 
01234567890 123456789012345678901234567890123456789012345678
11111100100 010110001001010111000101001110111100000110000000
11111100100 010110001001010111000101001110111100000110000000
11111100011 011001111100100101110011110010100101100010000000
11111100010 001110000101000011110110010111001010000001000000
11111100001 001110110010010010000101111100001101100011000000

2015-04-277T09:09:50.241+07:00	50	100	100
